0 1
1 2
2 3
3 4
4 5
5 6
6 7
7 8
8 9
7 10
10 11
9 12
12 13
13 14
14 15
9 16
16 17
17 18
18 19
11 20
20 21
21 22
22 23
11 24
24 25
25 26
26 27
15 28
28 29
29 30
30 31
15 32
32 33
33 34
34 35
19 36
36 37
37 38
38 39
19 40
40 41
41 42
42 43
23 44
44 45
45 46
46 47
23 48
48 49
49 50
50 51
27 52
52 53
53 54
54 55
27 56
56 57
57 58
58 59
31 60
60 61
61 62
62 63
31 64
64 65
65 66
66 67
35 68
68 69
69 70
70 71
35 72
72 73
73 74
74 75
39 76
76 77
77 78
78 79
39 80
80 81
81 82
82 83
43 84
84 85
85 86
86 87
43 88
88 89
89 90
90 91
47 92
92 93
93 94
94 95
47 96
96 97
97 98
98 99
51 100
100 101
101 102
102 103
51 104
104 105
55 106
106 107
107 108
108 109
55 110
110 111
111 112
112 113
59 114
114 115
115 116
116 117
59 118
118 119
119 120
120 121
63 122
122 123
123 124
124 125
63 126
126 127
127 128
128 129
67 130
130 131
131 132
132 133
67 134
134 135
135 136
136 137
71 138
138 139
139 140
140 141
71 142
142 143
143 144
144 145
75 146
146 147
147 148
148 149
75 150
150 151
151 152
152 153
79 154
154 155
155 156
156 157
79 158
158 159
159 160
160 161
83 162
83 163
163 164
87 165
165 166
166 167
167 168
87 169
169 170
170 171
171 172
91 173
173 174
174 175
175 176
91 177
177 178
178 179
179 180
95 181
181 182
182 183
183 184
95 185
185 186
186 187
187 188
99 189
189 190
190 191
191 192
99 193
193 194
194 195
195 196
103 197
197 198
198 199
199 200
103 201
201 202
202 203
109 204
204 205
205 206
206 207
109 208
208 209
209 210
210 211
113 212
212 213
213 214
214 215
113 216
216 217
217 218
218 219
121 220
220 221
221 222
222 223
121 224
125 225
225 226
226 227
227 228
125 229
229 230
230 231
231 232
129 233
233 234
234 235
235 236
129 237
237 238
133 239
239 240
240 241
241 242
133 243
243 244
244 245
245 246
137 247
247 248
248 249
249 250
137 251
251 252
252 253
253 254
141 255
255 256
256 257
257 258
141 259
259 260
260 261
261 262
145 263
263 264
264 265
265 266
145 267
267 268
268 269
269 270
149 271
271 272
272 273
273 274
149 275
275 276
276 277
277 278
153 279
279 280
280 281
281 282
153 283
283 284
284 285
285 286
157 287
287 288
288 289
289 290
157 291
291 292
292 293
293 294
161 295
295 296
296 297
297 298
161 299
299 300
300 301
168 302
302 303
303 304
304 305
168 306
306 307
307 308
308 309
172 310
310 311
311 312
312 313
172 314
314 315
315 316
176 317
176 318
318 319
319 320
320 321
180 322
180 323
184 324
324 325
325 326
326 327
184 328
328 329
329 330
330 331
188 332
332 333
333 334
334 335
188 336
336 337
192 338
338 339
339 340
340 341
192 342
342 343
196 344
196 345
200 346
346 347
347 348
348 349
200 350
350 351
207 352
352 353
353 354
354 355
207 356
356 357
357 358
358 359
211 360
360 361
361 362
362 363
211 364
364 365
365 366
366 367
215 368
368 369
369 370
370 371
215 372
372 373
223 374
374 375
375 376
376 377
228 378
378 379
379 380
380 381
228 382
382 383
383 384
384 385
232 386
386 387
387 388
388 389
232 390
390 391
391 392
392 393
236 394
394 395
395 396
396 397
236 398
398 399
399 400
242 401
401 402
402 403
403 404
242 405
405 406
406 407
407 408
246 409
246 410
250 411
411 412
412 413
413 414
250 415
415 416
416 417
417 418
254 419
419 420
420 421
421 422
254 423
423 424
258 425
425 426
426 427
427 428
258 429
429 430
430 431
431 432
262 433
433 434
434 435
435 436
262 437
437 438
438 439
439 440
266 441
441 442
442 443
443 444
266 445
445 446
446 447
447 448
270 449
449 450
450 451
451 452
270 453
274 454
454 455
455 456
456 457
274 458
458 459
459 460
460 461
278 462
462 463
463 464
464 465
278 466
466 467
467 468
468 469
286 470
470 471
471 472
472 473
286 474
474 475
475 476
476 477
290 478
478 479
479 480
480 481
290 482
482 483
294 484
484 485
485 486
486 487
294 488
309 489
489 490
490 491
491 492
309 493
313 494
313 495
495 496
496 497
497 498
321 499
499 500
500 501
501 502
321 503
503 504
504 505
505 506
327 507
507 508
508 509
509 510
327 511
511 512
512 513
513 514
331 515
335 516
516 517
517 518
518 519
335 520
520 521
521 522
522 523
341 524
524 525
525 526
526 527
341 528
528 529
349 530
530 531
531 532
532 533
349 534
534 535
535 536
536 537
355 538
538 539
539 540
540 541
355 542
542 543
543 544
544 545
359 546
546 547
547 548
548 549
359 550
550 551
551 552
552 553
363 554
554 555
555 556
556 557
363 558
558 559
559 560
560 561
367 562
562 563
563 564
564 565
367 566
566 567
567 568
568 569
371 570
570 571
571 572
572 573
371 574
377 575
377 576
381 577
577 578
578 579
579 580
381 581
581 582
582 583
583 584
385 585
585 586
586 587
587 588
385 589
589 590
590 591
591 592
389 593
593 594
594 595
595 596
389 597
597 598
598 599
599 600
397 601
397 602
602 603
603 604
604 605
404 606
606 607
607 608
608 609
404 610
610 611
611 612
612 613
408 614
614 615
615 616
616 617
408 618
618 619
619 620
414 621
621 622
622 623
414 624
624 625
625 626
418 627
627 628
628 629
629 630
418 631
631 632
632 633
422 634
422 635
428 636
636 637
637 638
638 639
428 640
640 641
641 642
642 643
432 644
644 645
645 646
646 647
432 648
648 649
649 650
650 651
436 652
652 653
653 654
654 655
436 656
656 657
657 658
658 659
440 660
660 661
661 662
662 663
440 664
444 665
665 666
666 667
667 668
444 669
448 670
670 671
671 672
672 673
448 674
674 675
675 676
676 677
452 678
678 679
679 680
680 681
452 682
457 683
683 684
684 685
685 686
457 687
687 688
688 689
689 690
461 691
691 692
461 693
465 694
694 695
695 696
696 697
465 698
698 699
699 700
700 701
469 702
702 703
703 704
704 705
469 706
706 707
473 708
473 709
477 710
710 711
711 712
712 713
477 714
714 715
481 716
716 717
717 718
718 719
481 720
720 721
721 722
722 723
487 724
487 725
725 726
492 727
727 728
728 729
492 730
730 731
498 732
498 733
733 734
734 735
735 736
502 737
737 738
738 739
739 740
502 741
741 742
742 743
743 744
506 745
510 746
746 747
747 748
748 749
510 750
750 751
751 752
752 753
514 754
754 755
755 756
756 757
514 758
758 759
759 760
760 761
519 762
762 763
763 764
764 765
519 766
766 767
767 768
768 769
527 770
770 771
771 772
772 773
527 774
774 775
775 776
776 777
533 778
778 779
779 780
780 781
533 782
782 783
783 784
784 785
537 786
786 787
787 788
788 789
537 790
541 791
791 792
792 793
793 794
541 795
795 796
796 797
797 798
545 799
799 800
800 801
545 802
802 803
803 804
804 805
549 806
806 807
807 808
808 809
549 810
810 811
811 812
812 813
553 814
814 815
553 816
816 817
817 818
818 819
557 820
820 821
821 822
822 823
557 824
824 825
825 826
826 827
561 828
561 829
829 830
830 831
831 832
565 833
833 834
834 835
835 836
565 837
837 838
838 839
839 840
569 841
841 842
842 843
843 844
569 845
845 846
573 847
847 848
848 849
849 850
573 851
851 852
852 853
853 854
580 855
855 856
856 857
857 858
580 859
859 860
860 861
861 862
584 863
863 864
864 865
865 866
584 867
867 868
868 869
869 870
588 871
871 872
872 873
873 874
588 875
875 876
876 877
877 878
592 879
879 880
880 881
881 882
592 883
883 884
884 885
885 886
596 887
887 888
888 889
889 890
596 891
891 892
892 893
893 894
605 895
895 896
896 897
897 898
605 899
609 900
900 901
901 902
902 903
609 904
904 905
905 906
906 907
613 908
908 909
909 910
910 911
613 912
912 913
913 914
914 915
617 916
617 917
917 918
918 919
639 920
920 921
921 922
922 923
639 924
924 925
925 926
926 927
643 928
928 929
929 930
930 931
643 932
647 933
933 934
934 935
935 936
647 937
937 938
938 939
939 940
651 941
941 942
942 943
943 944
651 945
945 946
946 947
947 948
655 949
949 950
950 951
951 952
655 953
953 954
954 955
955 956
663 957
663 958
958 959
959 960
960 961
668 962
962 963
963 964
964 965
668 966
966 967
967 968
968 969
677 970
970 971
971 972
972 973
677 974
974 975
975 976
681 977
681 978
686 979
686 980
690 981
981 982
982 983
690 984
984 985
697 986
986 987
987 988
988 989
697 990
990 991
991 992
701 993
701 994
705 995
995 996
705 997
997 998
713 999
713 1000
719 1001
1001 1002
1002 1003
1003 1004
719 1005
1005 1006
1006 1007
1007 1008
723 1009
1009 1010
1010 1011
1011 1012
723 1013
1013 1014
1014 1015
1015 1016
736 1017
740 1018
1018 1019
1019 1020
1020 1021
740 1022
749 1023
1023 1024
1024 1025
1025 1026
749 1027
1027 1028
1028 1029
1029 1030
753 1031
1031 1032
1032 1033
1033 1034
753 1035
1035 1036
1036 1037
1037 1038
757 1039
1039 1040
1040 1041
1041 1042
757 1043
1043 1044
1044 1045
1045 1046
761 1047
1047 1048
1048 1049
1049 1050
761 1051
1051 1052
765 1053
1053 1054
1054 1055
1055 1056
765 1057
1057 1058
1058 1059
1059 1060
769 1061
769 1062
773 1063
1063 1064
1064 1065
1065 1066
773 1067
1067 1068
1068 1069
1069 1070
777 1071
777 1072
781 1073
1073 1074
1074 1075
1075 1076
781 1077
1077 1078
1078 1079
1079 1080
785 1081
1081 1082
1082 1083
1083 1084
785 1085
789 1086
1086 1087
1087 1088
789 1089
794 1090
794 1091
798 1092
1092 1093
1093 1094
1094 1095
798 1096
1096 1097
1097 1098
1098 1099
805 1100
1100 1101
1101 1102
809 1103
1103 1104
809 1105
1105 1106
1106 1107
1107 1108
819 1109
819 1110
823 1111
1111 1112
1112 1113
1113 1114
823 1115
1115 1116
1116 1117
1117 1118
827 1119
827 1120
1120 1121
1121 1122
1122 1123
832 1124
1124 1125
1125 1126
1126 1127
832 1128
1128 1129
1129 1130
836 1131
1131 1132
836 1133
1133 1134
840 1135
1135 1136
1136 1137
1137 1138
840 1139
1139 1140
1140 1141
844 1142
844 1143
1143 1144
850 1145
1145 1146
1146 1147
1147 1148
850 1149
1149 1150
858 1151
1151 1152
1152 1153
1153 1154
858 1155
1155 1156
1156 1157
1157 1158
862 1159
1159 1160
1160 1161
1161 1162
862 1163
1163 1164
1164 1165
1165 1166
866 1167
1167 1168
1168 1169
1169 1170
866 1171
1171 1172
1172 1173
1173 1174
870 1175
1175 1176
1176 1177
1177 1178
870 1179
1179 1180
1180 1181
1181 1182
874 1183
1183 1184
1184 1185
1185 1186
874 1187
1187 1188
1188 1189
1189 1190
878 1191
1191 1192
1192 1193
1193 1194
878 1195
1195 1196
882 1197
1197 1198
1198 1199
1199 1200
882 1201
1201 1202
1202 1203
1203 1204
886 1205
886 1206
1206 1207
890 1208
1208 1209
1209 1210
1210 1211
890 1212
1212 1213
1213 1214
1214 1215
894 1216
1216 1217
1217 1218
1218 1219
894 1220
898 1221
1221 1222
1222 1223
1223 1224
898 1225
903 1226
1226 1227
1227 1228
1228 1229
903 1230
1230 1231
1231 1232
1232 1233
907 1234
1234 1235
1235 1236
1236 1237
907 1238
1238 1239
911 1240
1240 1241
1241 1242
1242 1243
911 1244
1244 1245
1245 1246
915 1247
915 1248
923 1249
1249 1250
1250 1251
1251 1252
923 1253
1253 1254
1254 1255
1255 1256
927 1257
1257 1258
1258 1259
1259 1260
927 1261
1261 1262
1262 1263
1263 1264
931 1265
931 1266
1266 1267
1267 1268
1268 1269
936 1270
1270 1271
1271 1272
1272 1273
936 1274
1274 1275
1275 1276
1276 1277
940 1278
1278 1279
1279 1280
1280 1281
940 1282
1282 1283
1283 1284
1284 1285
948 1286
948 1287
1287 1288
952 1289
1289 1290
952 1291
1291 1292
1292 1293
961 1294
1294 1295
961 1296
965 1297
1297 1298
1298 1299
1299 1300
965 1301
1301 1302
1302 1303
1303 1304
969 1305
969 1306
1306 1307
1307 1308
1004 1309
1309 1310
1310 1311
1311 1312
1004 1313
1313 1314
1314 1315
1315 1316
1008 1317
1317 1318
1318 1319
1319 1320
1008 1321
1321 1322
1322 1323
1323 1324
1012 1325
1325 1326
1326 1327
1327 1328
1012 1329
1329 1330
1330 1331
1331 1332
1021 1333
1026 1334
1334 1335
1335 1336
1336 1337
1026 1338
1338 1339
1339 1340
1340 1341
1030 1342
1342 1343
1343 1344
1344 1345
1030 1346
1346 1347
1347 1348
1348 1349
1034 1350
1350 1351
1351 1352
1352 1353
1034 1354
1354 1355
1355 1356
1356 1357
1038 1358
1038 1359
1042 1360
1360 1361
1361 1362
1362 1363
1042 1364
1364 1365
1046 1366
1046 1367
1050 1368
1368 1369
1369 1370
1370 1371
1050 1372
1372 1373
1373 1374
1374 1375
1060 1376
1376 1377
1377 1378
1378 1379
1060 1380
1066 1381
1381 1382
1382 1383
1383 1384
1066 1385
1385 1386
1386 1387
1387 1388
1070 1389
1389 1390
1390 1391
1391 1392
1070 1393
1393 1394
1394 1395
1395 1396
1076 1397
1397 1398
1398 1399
1399 1400
1076 1401
1401 1402
1402 1403
1403 1404
1084 1405
1405 1406
1406 1407
1407 1408
1084 1409
1095 1410
1410 1411
1411 1412
1412 1413
1095 1414
1414 1415
1415 1416
1416 1417
1099 1418
1418 1419
1419 1420
1420 1421
1099 1422
1422 1423
1423 1424
1424 1425
1108 1426
1426 1427
1427 1428
1428 1429
1108 1430
1430 1431
1431 1432
1432 1433
1114 1434
1434 1435
1435 1436
1436 1437
1114 1438
1438 1439
1439 1440
1440 1441
1118 1442
1442 1443
1443 1444
1444 1445
1118 1446
1446 1447
1123 1448
1448 1449
1449 1450
1450 1451
1123 1452
1127 1453
1127 1454
1138 1455
1455 1456
1456 1457
1457 1458
1138 1459
1154 1460
1460 1461
1461 1462
1462 1463
1154 1464
1464 1465
1465 1466
1466 1467
1158 1468
1468 1469
1469 1470
1470 1471
1158 1472
1472 1473
1473 1474
1474 1475
1162 1476
1476 1477
1477 1478
1478 1479
1162 1480
1480 1481
1481 1482
1482 1483
1166 1484
1484 1485
1485 1486
1486 1487
1166 1488
1488 1489
1489 1490
1490 1491
1170 1492
1492 1493
1493 1494
1494 1495
1170 1496
1496 1497
1174 1498
1498 1499
1499 1500
1500 1501
1178 1502
1502 1503
1503 1504
1178 1505
1505 1506
1182 1507
1182 1508
1186 1509
1509 1510
1510 1511
1511 1512
1186 1513
1513 1514
1514 1515
1515 1516
1194 1517
1517 1518
1518 1519
1519 1520
1194 1521
1521 1522
1200 1523
1211 1524
1524 1525
1525 1526
1526 1527
1211 1528
1528 1529
1215 1530
1219 1531
1531 1532
1532 1533
1533 1534
1219 1535
1224 1536
1536 1537
1537 1538
1538 1539
1224 1540
1229 1541
1541 1542
1542 1543
1543 1544
1229 1545
1545 1546
1546 1547
1547 1548
1233 1549
1549 1550
1550 1551
1551 1552
1243 1553
1252 1554
1554 1555
1555 1556
1556 1557
1252 1558
1558 1559
1559 1560
1560 1561
1256 1562
1562 1563
1563 1564
1564 1565
1256 1566
1566 1567
1567 1568
1568 1569
1260 1570
1570 1571
1571 1572
1572 1573
1260 1574
1574 1575
1575 1576
1576 1577
1269 1578
1578 1579
1579 1580
1580 1581
1269 1582
1582 1583
1273 1584
1273 1585
1281 1586
1586 1587
1587 1588
1588 1589
1281 1590
1590 1591
1591 1592
1592 1593
1285 1594
1594 1595
1304 1596
1304 1597
1312 1598
1598 1599
1599 1600
1600 1601
1312 1602
1602 1603
1603 1604
1604 1605
1316 1606
1606 1607
1607 1608
1608 1609
1316 1610
1610 1611
1611 1612
1612 1613
1320 1614
1320 1615
1328 1616
1616 1617
1617 1618
1328 1619
1332 1620
1620 1621
1332 1622
1337 1623
1623 1624
1624 1625
1625 1626
1337 1627
1627 1628
1628 1629
1629 1630
1341 1631
1631 1632
1632 1633
1633 1634
1341 1635
1345 1636
1636 1637
1637 1638
1638 1639
1345 1640
1640 1641
1641 1642
1642 1643
1349 1644
1644 1645
1645 1646
1646 1647
1349 1648
1648 1649
1649 1650
1650 1651
1353 1652
1652 1653
1653 1654
1654 1655
1353 1656
1656 1657
1657 1658
1658 1659
1357 1660
1357 1661
1661 1662
1662 1663
1663 1664
1363 1665
1665 1666
1666 1667
1667 1668
1363 1669
1375 1670
1670 1671
1375 1672
1379 1673
1673 1674
1674 1675
1379 1676
1676 1677
1384 1678
1678 1679
1679 1680
1680 1681
1384 1682
1682 1683
1683 1684
1684 1685
1392 1686
1686 1687
1687 1688
1688 1689
1392 1690
1690 1691
1691 1692
1692 1693
1396 1694
1694 1695
1695 1696
1696 1697
1396 1698
1698 1699
1699 1700
1400 1701
1701 1702
1702 1703
1703 1704
1400 1705
1705 1706
1706 1707
1707 1708
1404 1709
1404 1710
1408 1711
1408 1712
1712 1713
1413 1714
1714 1715
1715 1716
1716 1717
1413 1718
1718 1719
1417 1720
1720 1721
1721 1722
1722 1723
1417 1724
1724 1725
1425 1726
1425 1727
1727 1728
1728 1729
1429 1730
1730 1731
1731 1732
1732 1733
1429 1734
1734 1735
1735 1736
1736 1737
1433 1738
1738 1739
1739 1740
1433 1741
1741 1742
1742 1743
1743 1744
1437 1745
1745 1746
1746 1747
1747 1748
1437 1749
1749 1750
1750 1751
1751 1752
1441 1753
1753 1754
1754 1755
1755 1756
1441 1757
1445 1758
1758 1759
1759 1760
1760 1761
1445 1762
1762 1763
1451 1764
1764 1765
1765 1766
1451 1767
1767 1768
1458 1769
1463 1770
1770 1771
1771 1772
1772 1773
1463 1774
1774 1775
1775 1776
1776 1777
1467 1778
1778 1779
1779 1780
1780 1781
1467 1782
1782 1783
1783 1784
1784 1785
1471 1786
1786 1787
1787 1788
1788 1789
1471 1790
1479 1791
1791 1792
1792 1793
1793 1794
1479 1795
1795 1796
1796 1797
1797 1798
1483 1799
1799 1800
1800 1801
1801 1802
1483 1803
1803 1804
1804 1805
1805 1806
1487 1807
1807 1808
1808 1809
1809 1810
1487 1811
1811 1812
1491 1813
1491 1814
1495 1815
1815 1816
1816 1817
1817 1818
1495 1819
1819 1820
1820 1821
1821 1822
1512 1823
1823 1824
1824 1825
1825 1826
1512 1827
1827 1828
1828 1829
1829 1830
1527 1831
1831 1832
1832 1833
1833 1834
1527 1835
1835 1836
1836 1837
1837 1838
1534 1839
1839 1840
1840 1841
1841 1842
1534 1843
1843 1844
1844 1845
1845 1846
1539 1847
1847 1848
1848 1849
1849 1850
1539 1851
1544 1852
1852 1853
1853 1854
1854 1855
1544 1856
1856 1857
1857 1858
1858 1859
1548 1860
1860 1861
1861 1862
1862 1863
1548 1864
1864 1865
1865 1866
1866 1867
1552 1868
1868 1869
1869 1870
1870 1871
1552 1872
1872 1873
1873 1874
1874 1875
1557 1876
1557 1877
1877 1878
1561 1879
1879 1880
1880 1881
1881 1882
1561 1883
1883 1884
1884 1885
1885 1886
1565 1887
1887 1888
1888 1889
1889 1890
1565 1891
1891 1892
1892 1893
1893 1894
1569 1895
1569 1896
1896 1897
1897 1898
1898 1899
1573 1900
1900 1901
1901 1902
1902 1903
1573 1904
1577 1905
1905 1906
1906 1907
1577 1908
1908 1909
1593 1910
1593 1911
1601 1912
1912 1913
1913 1914
1914 1915
1601 1916
1916 1917
1917 1918
1918 1919
1605 1920
1605 1921
1609 1922
1922 1923
1923 1924
1609 1925
1925 1926
1626 1927
1927 1928
1928 1929
1929 1930
1626 1931
1931 1932
1932 1933
1933 1934
1630 1935
1935 1936
1936 1937
1937 1938
1630 1939
1634 1940
1940 1941
1941 1942
1942 1943
1634 1944
1944 1945
1945 1946
1946 1947
1639 1948
1948 1949
1949 1950
1950 1951
1639 1952
1952 1953
1953 1954
1954 1955
1643 1956
1956 1957
1957 1958
1958 1959
1643 1960
1960 1961
1961 1962
1647 1963
1963 1964
1964 1965
1965 1966
1647 1967
1651 1968
1968 1969
1969 1970
1970 1971
1651 1972
1972 1973
1973 1974
1974 1975
1655 1976
1976 1977
1977 1978
1978 1979
1655 1980
1980 1981
1981 1982
1982 1983
1659 1984
1984 1985
1985 1986
1986 1987
1659 1988
1664 1989
1989 1990
1990 1991
1991 1992
1668 1993
1993 1994
1994 1995
1995 1996
1681 1997
1997 1998
1998 1999
1999 2000
1681 2001
2001 2002
2002 2003
2003 2004
1689 2005
2005 2006
2006 2007
2007 2008
1689 2009
2009 2010
2010 2011
2011 2012
1693 2013
2013 2014
2014 2015
2015 2016
1693 2017
2017 2018
2018 2019
2019 2020
1697 2021
2021 2022
1697 2023
2023 2024
1704 2025
2025 2026
2026 2027
2027 2028
1704 2029
2029 2030
2030 2031
2031 2032
1708 2033
2033 2034
2034 2035
2035 2036
1708 2037
2037 2038
2038 2039
2039 2040
1717 2041
2041 2042
2042 2043
2043 2044
1717 2045
2045 2046
2046 2047
2047 2048
1723 2049
2049 2050
2050 2051
2051 2052
1723 2053
1733 2054
2054 2055
2055 2056
2056 2057
1733 2058
2058 2059
2059 2060
2060 2061
1737 2062
2062 2063
2063 2064
2064 2065
1737 2066
2066 2067
2067 2068
2068 2069
1748 2070
2070 2071
2071 2072
2072 2073
1748 2074
1761 2075
1761 2076
2076 2077
1773 2078
2078 2079
2079 2080
2080 2081
1773 2082
2082 2083
2083 2084
2084 2085
1777 2086
2086 2087
2087 2088
2088 2089
1777 2090
2090 2091
2091 2092
2092 2093
1781 2094
2094 2095
2095 2096
2096 2097
1781 2098
2098 2099
2099 2100
2100 2101
1785 2102
2102 2103
2103 2104
2104 2105
1785 2106
2106 2107
2107 2108
2108 2109
1789 2110
2110 2111
2111 2112
2112 2113
1789 2114
2114 2115
2115 2116
2116 2117
1794 2118
2118 2119
2119 2120
2120 2121
1794 2122
2122 2123
2123 2124
2124 2125
1798 2126
2126 2127
2127 2128
2128 2129
1798 2130
2130 2131
2131 2132
2132 2133
1802 2134
2134 2135
2135 2136
2136 2137
1802 2138
2138 2139
2139 2140
2140 2141
1806 2142
2142 2143
2143 2144
2144 2145
1806 2146
2146 2147
2147 2148
2148 2149
1818 2150
2150 2151
2151 2152
2152 2153
1818 2154
2154 2155
2155 2156
2156 2157
1822 2158
2158 2159
2159 2160
2160 2161
1822 2162
2162 2163
2163 2164
1826 2165
2165 2166
2166 2167
2167 2168
1826 2169
1834 2170
2170 2171
2171 2172
2172 2173
1834 2174
2174 2175
2175 2176
2176 2177
1842 2178
2178 2179
2179 2180
2180 2181
1842 2182
2182 2183
2183 2184
2184 2185
1846 2186
1850 2187
2187 2188
2188 2189
2189 2190
1850 2191
1855 2192
2192 2193
2193 2194
2194 2195
1855 2196
2196 2197
2197 2198
2198 2199
1859 2200
2200 2201
2201 2202
2202 2203
1859 2204
1867 2205
1867 2206
1871 2207
2207 2208
2208 2209
2209 2210
1871 2211
2211 2212
2212 2213
1875 2214
2214 2215
2215 2216
2216 2217
1875 2218
1882 2219
2219 2220
2220 2221
2221 2222
1882 2223
2223 2224
2224 2225
2225 2226
1886 2227
2227 2228
2228 2229
2229 2230
1886 2231
2231 2232
2232 2233
2233 2234
1890 2235
2235 2236
2236 2237
2237 2238
1890 2239
2239 2240
2240 2241
2241 2242
1894 2243
2243 2244
2244 2245
2245 2246
1894 2247
2247 2248
2248 2249
2249 2250
1899 2251
1903 2252
2252 2253
2253 2254
2254 2255
1903 2256
2256 2257
2257 2258
2258 2259
1915 2260
2260 2261
2261 2262
2262 2263
1915 2264
1930 2265
2265 2266
2266 2267
2267 2268
1930 2269
2269 2270
2270 2271
2271 2272
1934 2273
2273 2274
2274 2275
2275 2276
1934 2277
2277 2278
2278 2279
2279 2280
1938 2281
2281 2282
2282 2283
2283 2284
1938 2285
2285 2286
2286 2287
2287 2288
1943 2289
1947 2290
1947 2291
2291 2292
2292 2293
2293 2294
1951 2295
2295 2296
2296 2297
2297 2298
1951 2299
2299 2300
2300 2301
2301 2302
1955 2303
2303 2304
2304 2305
2305 2306
1955 2307
2307 2308
2308 2309
2309 2310
1959 2311
1966 2312
1966 2313
1971 2314
1979 2315
2315 2316
2316 2317
2317 2318
1979 2319
2319 2320
2320 2321
2321 2322
1987 2323
2323 2324
2324 2325
2325 2326
1987 2327
1996 2328
2328 2329
1996 2330
2000 2331
2331 2332
2332 2333
2333 2334
2000 2335
2335 2336
2336 2337
2337 2338
2004 2339
2339 2340
2340 2341
2341 2342
2004 2343
2343 2344
2344 2345
2345 2346
2008 2347
2347 2348
2348 2349
2349 2350
2008 2351
2351 2352
2352 2353
2353 2354
2012 2355
2012 2356
2356 2357
2357 2358
2358 2359
2016 2360
2360 2361
2361 2362
2362 2363
2016 2364
2364 2365
2365 2366
2020 2367
2367 2368
2368 2369
2369 2370
2020 2371
2371 2372
2372 2373
2028 2374
2374 2375
2375 2376
2376 2377
2028 2378
2378 2379
2379 2380
2380 2381
2032 2382
2382 2383
2383 2384
2384 2385
2032 2386
2386 2387
2387 2388
2388 2389
2036 2390
2390 2391
2391 2392
2392 2393
2036 2394
2394 2395
2040 2396
2396 2397
2397 2398
2398 2399
2040 2400
2400 2401
2401 2402
2402 2403
2048 2404
2404 2405
2405 2406
2406 2407
2048 2408
2408 2409
2409 2410
2410 2411
2052 2412
2052 2413
2057 2414
2414 2415
2415 2416
2416 2417
2057 2418
2418 2419
2419 2420
2420 2421
2061 2422
2422 2423
2423 2424
2424 2425
2061 2426
2426 2427
2427 2428
2428 2429
2065 2430
2430 2431
2431 2432
2432 2433
2065 2434
2434 2435
2435 2436
2069 2437
2437 2438
2438 2439
2439 2440
2069 2441
2073 2442
2442 2443
2443 2444
2444 2445
2073 2446
2446 2447
2447 2448
2448 2449
2081 2450
2450 2451
2451 2452
2452 2453
2081 2454
2454 2455
2455 2456
2456 2457
2085 2458
2458 2459
2459 2460
2460 2461
2085 2462
2462 2463
2093 2464
2464 2465
2465 2466
2466 2467
2093 2468
2468 2469
2469 2470
2470 2471
2097 2472
2472 2473
2473 2474
2474 2475
2097 2476
2476 2477
2477 2478
2478 2479
2101 2480
2101 2481
2481 2482
2482 2483
2483 2484
2105 2485
2485 2486
2486 2487
2487 2488
2105 2489
2489 2490
2490 2491
2491 2492
2109 2493
2493 2494
2109 2495
2113 2496
2496 2497
2497 2498
2498 2499
2117 2500
2500 2501
2501 2502
2502 2503
2117 2504
2121 2505
2505 2506
2506 2507
2507 2508
2121 2509
2509 2510
2510 2511
2511 2512
2125 2513
2513 2514
2514 2515
2515 2516
2125 2517
2517 2518
2518 2519
2129 2520
2520 2521
2521 2522
2522 2523
2129 2524
2524 2525
2525 2526
2526 2527
2133 2528
2528 2529
2133 2530
2530 2531
2141 2532
2149 2533
2533 2534
2534 2535
2535 2536
2149 2537
2537 2538
2538 2539
2153 2540
2540 2541
2541 2542
2542 2543
2153 2544
2544 2545
2545 2546
2546 2547
2157 2548
2548 2549
2549 2550
2550 2551
2157 2552
2552 2553
2553 2554
2554 2555
2161 2556
2556 2557
2557 2558
2161 2559
2559 2560
2168 2561
2561 2562
2562 2563
2563 2564
2168 2565
2565 2566
2173 2567
2567 2568
2568 2569
2569 2570
2173 2571
2571 2572
2181 2573
2573 2574
2574 2575
2575 2576
2181 2577
2577 2578
2190 2579
2579 2580
2580 2581
2581 2582
2190 2583
2583 2584
2584 2585
2585 2586
2195 2587
2587 2588
2588 2589
2589 2590
2195 2591
2591 2592
2592 2593
2593 2594
2203 2595
2595 2596
2596 2597
2597 2598
2203 2599
2599 2600
2600 2601
2601 2602
2210 2603
2210 2604
2604 2605
2217 2606
2217 2607
2222 2608
2608 2609
2609 2610
2610 2611
2222 2612
2612 2613
2613 2614
2614 2615
2226 2616
2616 2617
2617 2618
2618 2619
2226 2620
2230 2621
2621 2622
2230 2623
2623 2624
2234 2625
2234 2626
2238 2627
2627 2628
2628 2629
2629 2630
2238 2631
2631 2632
2632 2633
2633 2634
2246 2635
2635 2636
2636 2637
2637 2638
2246 2639
2250 2640
2255 2641
2641 2642
2642 2643
2643 2644
2255 2645
2645 2646
2646 2647
2647 2648
2259 2649
2649 2650
2259 2651
2263 2652
2263 2653
2653 2654
2654 2655
2655 2656
2268 2657
2657 2658
2658 2659
2659 2660
2268 2661
2661 2662
2662 2663
2663 2664
2272 2665
2665 2666
2666 2667
2667 2668
2272 2669
2669 2670
2670 2671
2671 2672
2280 2673
2673 2674
2674 2675
2675 2676
2280 2677
2677 2678
2678 2679
2679 2680
2284 2681
2681 2682
2682 2683
2683 2684
2284 2685
2685 2686
2686 2687
2687 2688
2288 2689
2689 2690
2690 2691
2691 2692
2288 2693
2693 2694
2694 2695
2695 2696
2294 2697
2697 2698
2294 2699
2699 2700
2700 2701
2298 2702
2702 2703
2703 2704
2704 2705
2298 2706
2706 2707
2707 2708
2708 2709
2302 2710
2710 2711
2711 2712
2712 2713
2302 2714
2306 2715
2715 2716
2716 2717
2717 2718
2306 2719
2719 2720
2720 2721
2721 2722
2318 2723
2723 2724
2724 2725
2725 2726
2318 2727
2727 2728
2326 2729
2326 2730
2334 2731
2731 2732
2732 2733
2733 2734
2334 2735
2735 2736
2736 2737
2737 2738
2338 2739
2739 2740
2740 2741
2741 2742
2338 2743
2342 2744
2744 2745
2745 2746
2746 2747
2342 2748
2748 2749
2749 2750
2750 2751
2346 2752
2752 2753
2753 2754
2754 2755
2346 2756
2756 2757
2757 2758
2350 2759
2354 2760
2760 2761
2761 2762
2762 2763
2354 2764
2764 2765
2359 2766
2766 2767
2359 2768
2363 2769
2769 2770
2770 2771
2771 2772
2363 2773
2773 2774
2774 2775
2775 2776
2377 2777
2777 2778
2778 2779
2779 2780
2377 2781
2781 2782
2782 2783
2783 2784
2381 2785
2785 2786
2786 2787
2787 2788
2381 2789
2789 2790
2790 2791
2791 2792
2385 2793
2793 2794
2794 2795
2795 2796
2385 2797
2797 2798
2798 2799
2799 2800
2393 2801
2801 2802
2802 2803
2803 2804
2393 2805
2805 2806
2399 2807
2399 2808
2403 2809
2403 2810
2810 2811
2811 2812
2812 2813
2407 2814
2814 2815
2815 2816
2816 2817
2407 2818
2818 2819
2411 2820
2820 2821
2411 2822
2822 2823
2417 2824
2824 2825
2825 2826
2826 2827
2417 2828
2828 2829
2421 2830
2830 2831
2831 2832
2832 2833
2421 2834
2425 2835
2835 2836
2836 2837
2837 2838
2425 2839
2839 2840
2429 2841
2841 2842
2842 2843
2843 2844
2429 2845
2433 2846
2846 2847
2847 2848
2848 2849
2433 2850
2850 2851
2445 2852
2852 2853
2853 2854
2854 2855
2445 2856
2856 2857
2857 2858
2858 2859
2449 2860
2449 2861
2453 2862
2862 2863
2863 2864
2864 2865
2453 2866
2866 2867
2867 2868
2868 2869
2457 2870
2870 2871
2871 2872
2872 2873
2457 2874
2874 2875
2875 2876
2876 2877
2461 2878
2878 2879
2879 2880
2880 2881
2461 2882
2882 2883
2883 2884
2884 2885
2467 2886
2471 2887
2887 2888
2888 2889
2889 2890
2471 2891
2891 2892
2475 2893
2893 2894
2894 2895
2895 2896
2475 2897
2897 2898
2898 2899
2899 2900
2479 2901
2901 2902
2902 2903
2903 2904
2479 2905
2905 2906
2906 2907
2484 2908
2484 2909
2909 2910
2910 2911
2911 2912
2488 2913
2913 2914
2914 2915
2488 2916
2916 2917
2492 2918
2918 2919
2919 2920
2920 2921
2492 2922
2499 2923
2923 2924
2924 2925
2925 2926
2503 2927
2508 2928
2928 2929
2929 2930
2930 2931
2508 2932
2932 2933
2933 2934
2934 2935
2512 2936
2936 2937
2512 2938
2938 2939
2516 2940
2940 2941
2941 2942
2942 2943
2516 2944
2523 2945
2945 2946
2946 2947
2947 2948
2523 2949
2949 2950
2950 2951
2951 2952
2527 2953
2953 2954
2954 2955
2955 2956
2543 2957
2957 2958
2958 2959
2959 2960
2543 2961
2961 2962
2962 2963
2963 2964
2551 2965
2965 2966
2966 2967
2967 2968
2551 2969
2969 2970
2970 2971
2564 2972
2972 2973
2973 2974
2974 2975
2564 2976
2570 2977
2977 2978
2978 2979
2979 2980
2570 2981
2981 2982
2982 2983
2983 2984
2576 2985
2985 2986
2986 2987
2987 2988
2576 2989
2989 2990
2990 2991
2991 2992
2586 2993
2993 2994
2994 2995
2586 2996
2590 2997
2997 2998
2998 2999
2999 3000
2590 3001
3001 3002
3002 3003
3003 3004
2594 3005
3005 3006
3006 3007
3007 3008
2594 3009
2598 3010
3010 3011
3011 3012
3012 3013
2598 3014
2602 3015
3015 3016
2602 3017
2611 3018
3018 3019
3019 3020
3020 3021
2611 3022
3022 3023
3023 3024
3024 3025
2615 3026
3026 3027
3027 3028
3028 3029
2615 3030
3030 3031
3031 3032
3032 3033
2619 3034
2619 3035
2630 3036
3036 3037
3037 3038
3038 3039
2630 3040
3040 3041
3041 3042
3042 3043
2634 3044
3044 3045
3045 3046
3046 3047
2634 3048
2648 3049
3049 3050
3050 3051
3051 3052
2648 3053
3053 3054
3054 3055
3055 3056
2656 3057
3057 3058
3058 3059
3059 3060
2656 3061
2660 3062
3062 3063
3063 3064
3064 3065
2660 3066
3066 3067
3067 3068
3068 3069
2664 3070
3070 3071
3071 3072
3072 3073
2664 3074
3074 3075
3075 3076
3076 3077
2668 3078
3078 3079
3079 3080
3080 3081
2668 3082
3082 3083
3083 3084
3084 3085
2672 3086
3086 3087
2672 3088
2676 3089
3089 3090
3090 3091
3091 3092
2676 3093
2680 3094
2680 3095
3095 3096
3096 3097
3097 3098
2684 3099
3099 3100
3100 3101
3101 3102
2684 3103
3103 3104
3104 3105
3105 3106
2688 3107
3107 3108
2688 3109
3109 3110
3110 3111
3111 3112
2692 3113
3113 3114
2705 3115
3115 3116
3116 3117
3117 3118
2705 3119
3119 3120
3120 3121
3121 3122
2709 3123
3123 3124
3124 3125
3125 3126
2709 3127
3127 3128
2713 3129
3129 3130
3130 3131
3131 3132
2718 3133
2718 3134
3134 3135
3135 3136
3136 3137
2726 3138
3138 3139
3139 3140
3140 3141
2734 3142
3142 3143
3143 3144
3144 3145
2734 3146
3146 3147
3147 3148
3148 3149
2738 3150
3150 3151
3151 3152
3152 3153
2738 3154
2742 3155
3155 3156
3156 3157
3157 3158
2742 3159
3159 3160
3160 3161
3161 3162
2747 3163
2747 3164
3164 3165
2763 3166
2763 3167
2772 3168
3168 3169
3169 3170
3170 3171
2772 3172
3172 3173
3173 3174
3174 3175
2780 3176
3176 3177
3177 3178
3178 3179
2780 3180
3180 3181
3181 3182
3182 3183
2784 3184
3184 3185
3185 3186
3186 3187
2784 3188
3188 3189
3189 3190
3190 3191
2788 3192
2788 3193
3193 3194
3194 3195
3195 3196
2792 3197
3197 3198
3198 3199
2792 3200
3200 3201
3201 3202
2796 3203
3203 3204
3204 3205
3205 3206
2796 3207
3207 3208
2800 3209
3209 3210
2800 3211
2804 3212
2813 3213
3213 3214
2813 3215
2817 3216
3216 3217
3217 3218
2817 3219
3219 3220
2827 3221
2827 3222
3222 3223
2833 3224
3224 3225
3225 3226
3226 3227
2838 3228
2838 3229
3229 3230
2844 3231
2844 3232
2849 3233
2849 3234
3234 3235
2855 3236
3236 3237
3237 3238
3238 3239
2855 3240
3240 3241
3241 3242
3242 3243
2859 3244
3244 3245
3245 3246
3246 3247
2859 3248
3248 3249
2865 3250
3250 3251
3251 3252
3252 3253
2865 3254
3254 3255
3255 3256
3256 3257
2869 3258
3258 3259
3259 3260
3260 3261
2869 3262
3262 3263
3263 3264
3264 3265
2873 3266
3266 3267
3267 3268
3268 3269
2873 3270
3270 3271
2877 3272
2881 3273
3273 3274
3274 3275
3275 3276
2881 3277
3277 3278
2890 3279
2896 3280
3280 3281
3281 3282
3282 3283
2896 3284
3284 3285
3285 3286
3286 3287
2900 3288
3288 3289
3289 3290
3290 3291
2900 3292
3292 3293
3293 3294
3294 3295
2912 3296
2912 3297
3297 3298
3298 3299
3299 3300
2921 3301
2921 3302
2926 3303
2926 3304
3304 3305
2931 3306
3306 3307
3307 3308
3308 3309
2931 3310
3310 3311
3311 3312
3312 3313
2935 3314
3314 3315
3315 3316
3316 3317
2935 3318
3318 3319
3319 3320
3320 3321
2948 3322
3322 3323
3323 3324
3324 3325
2948 3326
3326 3327
3327 3328
3328 3329
2952 3330
3330 3331
3331 3332
3332 3333
2952 3334
3334 3335
3335 3336
2956 3337
2956 3338
2960 3339
3339 3340
3340 3341
3341 3342
2960 3343
3343 3344
3344 3345
3345 3346
2964 3347
3347 3348
3348 3349
3349 3350
2964 3351
3351 3352
3352 3353
3353 3354
2975 3355
3355 3356
3356 3357
3357 3358
2975 3359
3359 3360
3360 3361
3361 3362
2980 3363
3363 3364
3364 3365
3365 3366
2984 3367
3367 3368
2984 3369
3369 3370
2988 3371
3371 3372
3372 3373
3373 3374
2988 3375
3375 3376
3376 3377
3377 3378
2992 3379
3379 3380
3380 3381
2992 3382
3382 3383
3000 3384
3384 3385
3385 3386
3386 3387
3000 3388
3388 3389
3389 3390
3390 3391
3008 3392
3392 3393
3393 3394
3394 3395
3008 3396
3396 3397
3397 3398
3398 3399
3013 3400
3013 3401
3401 3402
3021 3403
3403 3404
3404 3405
3021 3406
3406 3407
3407 3408
3408 3409
3025 3410
3410 3411
3411 3412
3412 3413
3025 3414
3414 3415
3415 3416
3416 3417
3029 3418
3418 3419
3419 3420
3420 3421
3029 3422
3422 3423
3423 3424
3424 3425
3033 3426
3033 3427
3427 3428
3428 3429
3429 3430
3039 3431
3431 3432
3432 3433
3433 3434
3039 3435
3047 3436
3047 3437
3052 3438
3438 3439
3052 3440
3056 3441
3056 3442
3442 3443
3060 3444
3444 3445
3445 3446
3446 3447
3060 3448
3448 3449
3449 3450
3450 3451
3065 3452
3452 3453
3453 3454
3454 3455
3065 3456
3456 3457
3457 3458
3458 3459
3069 3460
3460 3461
3461 3462
3462 3463
3069 3464
3464 3465
3465 3466
3466 3467
3073 3468
3468 3469
3469 3470
3470 3471
3073 3472
3472 3473
3473 3474
3474 3475
3077 3476
3077 3477
3081 3478
3081 3479
3479 3480
3480 3481
3481 3482
3085 3483
3085 3484
3092 3485
3485 3486
3486 3487
3487 3488
3092 3489
3489 3490
3490 3491
3098 3492
3098 3493
3102 3494
3494 3495
3495 3496
3496 3497
3102 3498
3498 3499
3499 3500
3500 3501
3106 3502
3502 3503
3503 3504
3504 3505
3106 3506
3112 3507
3507 3508
3508 3509
3509 3510
3112 3511
3511 3512
3512 3513
3118 3514
3514 3515
3515 3516
3516 3517
3118 3518
3518 3519
3519 3520
3520 3521
3132 3522
3522 3523
3523 3524
3524 3525
3137 3526
3137 3527
3527 3528
3528 3529
3529 3530
3145 3531
3531 3532
3532 3533
3533 3534
3145 3535
3535 3536
3536 3537
3537 3538
3149 3539
3539 3540
3540 3541
3541 3542
3149 3543
3543 3544
3544 3545
3545 3546
3153 3547
3547 3548
3548 3549
3549 3550
3153 3551
3551 3552
3552 3553
3553 3554
3158 3555
3158 3556
3162 3557
3557 3558
3558 3559
3559 3560
3162 3561
3561 3562
3171 3563
3563 3564
3564 3565
3565 3566
3171 3567
3567 3568
3568 3569
3569 3570
3175 3571
3175 3572
3572 3573
3179 3574
3574 3575
3575 3576
3576 3577
3179 3578
3578 3579
3579 3580
3580 3581
3183 3582
3582 3583
3583 3584
3183 3585
3585 3586
3586 3587
3587 3588
3187 3589
3589 3590
3590 3591
3591 3592
3187 3593
3593 3594
3594 3595
3595 3596
3191 3597
3597 3598
3598 3599
3599 3600
3191 3601
3601 3602
3602 3603
3603 3604
3227 3605
3605 3606
3606 3607
3607 3608
3227 3609
3609 3610
3239 3611
3611 3612
3612 3613
3613 3614
3239 3615
3615 3616
3616 3617
3243 3618
3618 3619
3243 3620
