105
162
164
203
117
117
224
238
301
316
317
322
323
337
343
344
345
351
373
219
219
223
400
409
410
424
453
282
282
483
488
298
298
305
305
493
494
331
515
529
574
575
576
393
393
601
620
623
626
633
634
635
664
669
682
692
693
707
708
709
715
724
726
729
731
732
506
745
523
523
790
801
815
828
846
600
600
899
916
919
630
630
932
659
659
957
673
673
976
977
978
979
980
983
985
992
993
994
996
998
999
1000
736
1017
1022
744
744
1052
1061
1062
1071
1072
1085
1088
1089
1090
1091
805
1102
1104
813
813
1109
1110
1119
1130
1132
1134
1141
1142
1144
1150
854
854
1196
1205
1207
1220
1225
1239
1246
1247
1248
1265
944
944
1286
1288
1290
1293
956
956
1295
1296
1305
1308
973
973
989
989
1016
1016
1021
1333
1358
1359
1365
1366
1367
1056
1056
1380
1080
1080
1409
1447
1452
1453
1454
1459
1148
1148
1497
1174
1504
1506
1507
1508
1190
1190
1522
1200
1523
1204
1204
1529
1215
1530
1535
1540
1233
1237
1237
1243
1553
1264
1264
1583
1584
1585
1277
1277
1595
1285
1300
1300
1596
1597
1614
1615
1324
1324
1618
1619
1621
1622
1635
1660
1669
1371
1371
1671
1672
1675
1677
1388
1388
1700
1709
1710
1711
1713
1719
1725
1421
1421
1726
1729
1740
1757
1763
1766
1768
1769
1458
1790
1475
1475
1812
1813
1814
1501
1501
1516
1516
1520
1520
1851
1876
1878
1895
1904
1907
1909
1581
1581
1589
1589
1910
1911
1920
1921
1924
1926
1613
1613
1939
1962
1967
1988
1664
1668
1685
1685
2022
2024
2053
1744
1744
2074
1752
1752
1756
1756
2075
2077
1810
1810
2164
2169
1830
1830
1838
1838
1846
2186
2191
2204
1863
1863
2205
2206
2213
2218
2251
1899
2264
1919
1919
2289
1943
2290
1959
2311
2312
2313
1971
2314
1975
1975
1983
1983
2327
1992
1992
2329
2330
2355
2366
2373
2395
2044
2044
2412
2413
2436
2441
2463
2089
2089
2480
2494
2495
2113
2504
2519
2529
2531
2137
2137
2141
2532
2145
2145
2539
2558
2560
2566
2572
2177
2177
2578
2185
2185
2199
2199
2603
2605
2606
2607
2620
2622
2624
2625
2626
2242
2242
2639
2640
2250
2650
2651
2652
2276
2276
2698
2701
2714
2310
2310
2728
2322
2322
2729
2730
2743
2758
2350
2759
2765
2767
2768
2370
2370
2389
2389
2806
2807
2808
2809
2819
2821
2823
2829
2834
2840
2845
2851
2440
2440
2860
2861
2886
2467
2892
2907
2908
2915
2917
2922
2499
2927
2503
2937
2939
2944
2527
2536
2536
2547
2547
2971
2555
2555
2976
2582
2582
2995
2996
3009
3014
3016
3017
3034
3035
3048
2638
2638
2644
2644
3061
3087
3088
3093
3094
3108
3114
2692
2696
2696
3128
2713
3133
2722
2722
2726
3154
3163
3165
2751
2751
2755
2755
3166
3167
2776
2776
3192
3199
3202
3208
3210
3211
2804
3212
3214
3215
3218
3220
3221
3223
2833
3228
3230
3231
3232
3233
3235
3249
3271
3272
2877
3278
2885
2885
3279
2890
2904
2904
3296
3301
3302
3303
3305
2943
2943
3336
3337
3338
2968
2968
2980
3368
3370
3381
3383
3004
3004
3400
3402
3405
3426
3435
3043
3043
3436
3437
3439
3440
3441
3443
3476
3477
3478
3483
3484
3491
3492
3493
3506
3513
3122
3122
3126
3126
3132
3526
3141
3141
3555
3556
3562
3571
3573
3584
3196
3196
3206
3206
3610
3617
3619
3620
3247
3247
