-5.743350000000000399e-01 -1.884200000000000097e+00 -1.683749999999999969e-01
-5.740118876036149898e-01 -1.882557607373014807e+00 -3.558556166699373136e-01
-5.735217242107180091e-01 -1.880073812118734589e+00 -5.433032597834112076e-01
-5.726612787674556504e-01 -1.875765733039419292e+00 -7.306903720050381690e-01
-5.714126886234879299e-01 -1.869626329102399120e+00 -9.179804852540724980e-01
-5.701604590189589539e-01 -1.863471439856662526e+00 -1.105270146232549155e+00
-5.689390109764889125e-01 -1.857332531928994612e+00 -1.292523652295819003e+00
-5.673673453970811131e-01 -1.849407466310900361e+00 -1.479587346252696278e+00
-4.395347871710257315e-01 -1.866760651278651650e+00 -1.632215408050659011e+00
-3.114123189223145793e-01 -1.882855016534054737e+00 -1.784692493303727145e+00
-6.921276091167322120e-01 -1.815469253450228138e+00 -1.632030150955356085e+00
-7.976075987825242963e-01 -1.759281966861456992e+00 -1.782632096059363347e+00
